[app/ui]
version = 6.4.0
modtime = 1456303268.297296000

[app/launcher]
version = 6.4.0
modtime = 1456303268.299118000

[props/gamelinux%3Apassivedns]
owner = admin
version = 6.4.0
modtime = 1456305034.083906000
